4 2 145.67
7 1 356.42
10 3 982.73
2 4 245.67
5 1 532.91
8 2 467.28
1 1 223.45
6 3 554.32
9 4 776.54
3 2 334.56
7 3 345.67
10 1 456.78
2 2 567.89
5 3 678.90
8 1 789.01
1 3 890.12
6 4 901.23
9 2 112.34
4 1 223.45
3 3 334.56
7 4 445.67
10 2 556.78
2 1 667.89
5 4 778.90
8 3 889.01
1 2 990.12
6 1 101.23
9 3 212.34
4 4 323.45
3 1 434.56
7 2 545.67
10 4 656.78
2 3 767.89
5 2 878.90
8 4 989.01
1 4 100.12
6 2 211.23
9 1 312.34
4 3 423.45
3 4 534.56
7 1 645.67
10 2 756.78
2 4 867.89
5 1 978.90
8 2 89.01
1 1 190.12
6 3 201.23
9 4 312.34
4 2 423.45
3 3 534.56
7 4 645.67
10 1 756.78
2 2 867.89
5 3 978.90
8 4 89.01
1 2 190.12
6 1 201.23
9 3 312.34
4 4 423.45
3 2 534.56
7 3 645.67
10 4 756.78
2 1 867.89
5 2 978.90
8 3 89.01
1 3 190.12
6 4 201.23
9 2 312.34
4 1 423.45
3 4 534.56
7 2 645.67
10 3 756.78
2 4 867.89
5 1 978.90
8 2 89.01
1 4 190.12
6 3 201.23
9 1 312.34
4 3 423.45
3 1 534.56
7 4 645.67
10 2 756.78
2 3 867.89
5 4 978.90
8 1 89.01
1 2 190.12
6 4 201.23
9 3 312.34
4 2 423.45
3 3 534.56
7 1 645.67
10 4 756.78
2 2 867.89
5 3 978.90
8 4 89.01
1 1 190.12
6 2 201.23
9 4 312.34
4 3 423.45
3 2 534.56
0